2021: 
  - total: 2387 
  - max: May (300)
  - mean: 198.916666...
  - stddev: 47.92086938091
2022:
  - total: 3579
  - max: August (973)
  - mean: 298.25
  - stddev: 230.07648184897
